//Java Server Side Testing
String co1="POLYGON((90.371287 23.825549,90.371260 23.825672,90.371376 23.825692,90.371402 23.825567,90.371287 23.825549))";
String co2="POLYGON((90.371458 23.825569,90.371432 23.825701,90.371522 23.825716,90.371548 23.825584,90.371458 23.825569))";
String co3="POLYGON((90.371559 23.825594,90.371535 23.825720,90.371584 23.825729,90.371611 23.825602,90.371559 23.825594))";
String co4="POLYGON((90.371614 23.825612,90.371594 23.825729,90.371647 23.825735,90.371666 23.825618,90.371614 23.825612))";
String co5="POLYGON((90.371101 23.825305,90.371079 23.825436,90.371231 23.825460,90.371255 23.825327,90.371101 23.825305))";
String co6="POLYGON((90.371343 23.825347,90.371323 23.825467,90.371390 23.825478,90.371411 23.825357,90.371343 23.825347))";
String co7="POLYGON((90.371441 23.825363,90.371420 23.825487,90.371501 23.825498,90.371522 23.825374,90.371441 23.825363))";
String co8="POLYGON((90.371618 23.825389,90.371589 23.825519,90.371661 23.825533,90.371692 23.825401,90.371618 23.825389))";

// Open Street JS library Map GIS data insert
var co3=[[[90.371287 ,23.825549],[90.371260 ,23.825672],[90.371376 ,23.825692],[90.371402 ,23.825567],[90.371287 ,23.825549]]];
var co4=[[[90.371458 ,23.825569],[90.371432 ,23.825701],[90.371522 ,23.825716],[90.371548 ,23.825584],[90.371458 ,23.825569]]];
var co5=[[[90.371559 ,23.825594],[90.371535 ,23.825720],[90.371584 ,23.825729],[90.371611 ,23.825602],[90.371559 ,23.825594]]];
var co4=[[[90.371614 ,23.825612],[90.371594 ,23.825729],[90.371647 ,23.825735],[90.371666 ,23.825618],[90.371614 ,23.825612]]];	
var co5=[[[90.371101 ,23.825305],[90.371079 ,23.825436],[90.371231 ,23.825460],[90.371255 ,23.825327],[90.371101 ,23.825305]]];
var co6=[[[90.371343 ,23.825347],[90.371323 ,23.825467],[90.371390 ,23.825478],[90.371411 ,23.825357],[90.371343 ,23.825347]]];		 
var co7=[[[90.371441 ,23.825363],[90.371420 ,23.825487],[90.371501 ,23.825498],[90.371522 ,23.825374],[90.371441 ,23.825363]]];
var co8=[[[90.371618 ,23.825389],[90.371589 ,23.825519],[90.371661 ,23.825533],[90.371692 ,23.825401],[90.371618 ,23.825389]]];
			  
// Leaflet Map JS library GIS data insert
var Cl1 =[[ 23.826236,90.366260],[23.826324,90.366762],[23.826025,90.366810],[23.825949,90.366322]];
var cl2=[[ 23.823937,90.365553],[23.824080,90.366625],[23.823120,90.366813],[23.823019,90.366440],[23.822903,90.365802]];
var cl4=[[ 23.823741,90.364475],[23.823931, 90.365506],[23.822927,90.365729],[23.822714,90.364529 ]];
var cl5 =[[ 23.824257,90.364452],[23.824336, 90.364964 ],[23.823983, 90.365036],[23.823912,90.364519]];
var cl6=[[23.825593,90.372041],[23.825964,90.37199],[23.825809,90.370999],[23.82563,90.371029],[23.825448,90.371063]];
var cl7=[[23.824374, 90.367007],[23.824457, 90.367489],[23.823132, 90.367785],[23.823058, 90.36727]];
var cl8=[[23.824472, 90.367565],[23.82455, 90.36808],[23.823215, 90.368321],[23.823142, 90.367849]];
var cl9=[[23.825485,90.371193],[23.82563,90.371166],[23.825647,90.37127],[23.825503,90.371297]];
var cl10=[[23.825662,90.371219],[23.82579,90.371212],[23.825797,90.371316],[23.825672,90.371326]];
var cl11=[[23.825683,90.371355],[23.825808,90.37134],[23.82582,90.37142],[23.825692,90.371436]];
var cl12=[[23.825689,90.371456],[23.825833,90.371434],[23.825846,90.371509],[23.825699,90.371531]];
var cl14=[[23.825676,90.37149],[23.825542,90.371511],[23.825554,90.371578],[23.825689,90.371557]];

// road side station 

var c1 =POLYGON(( 90.61258435249329 23.608960455321593 ,90.61240330338477 23.608863375803452 ,90.61248913407326 23.608677818549737 ,90.61274260282515 23.608806848455956, 90.61258435249329 23.608960455321593 ))
var c2 =POLYGON((90.60844972729683 23.61994103651402,90.60821503400803 23.61979850129171,90.6083384156227 23.61962770457106,90.6085731089115 23.619771468732026))
var c3 =POLYGON(( 90.61581641435623 23.60254506498086 ,90.61544626951216 23.602397595177564 ,90.61561793088913 23.60201663075142 ,90.61607927083968 23.602218173359887 ,90.61581641435623 23.60254506498086 ))	
var c4 =POLYGON(( 90.62797755002977 23.59346061557885 ,90.62765300273895 23.593185319411248 ,90.62789171934128 23.59294689279929 ,90.62826454639435 23.59318777741531 ,90.62797755002977 23.59346061557885 ))	
var c5 =POLYGON(( 90.64055979251863 23.580334244810345 ,90.64084678888322 23.580031880351854 ,90.64040690660477 23.57968772483615 ,90.6401225924492 23.579985173584788 ,90.64055979251863 23.580334244810345 ))
	  